0 0.588594 0.621262 0.121816 0.189369
0 0.471761 0.975914 0.032115 0.048172
0 0.386559 0.980170 0.030454 0.039659
0 0.425318 0.989514 0.022148 0.020972
0 0.526370 0.976017 0.030454 0.047965
0 0.683832 0.959302 0.018688 0.031146
0 0.747162 0.099149 0.023533 0.036337
0 0.732973 0.131852 0.008998 0.018688
0 0.724322 0.152097 0.013843 0.015573
0 0.713594 0.172861 0.010382 0.015573
0 0.767926 0.315096 0.015227 0.019726
0 0.758929 0.292255 0.017996 0.017650
0 0.802533 0.264743 0.008306 0.012458
0 0.802533 0.313019 0.008306 0.017650
0 0.885936 0.307309 0.029762 0.078904
0 0.913275 0.489514 0.015227 0.023879
0 0.886974 0.492110 0.024917 0.022841
0 0.866556 0.172861 0.018688 0.036337
0 0.894934 0.134448 0.013151 0.034261
0 0.806340 0.214390 0.010382 0.017650
0 0.818452 0.188953 0.013843 0.018688
0 0.831949 0.172861 0.008998 0.019726
0 0.868286 0.133409 0.011074 0.015573
2 0.409745 0.289659 0.029762 0.043605
2 0.482766 0.089805 0.029070 0.038414
2 0.509759 0.613061 0.020764 0.044643
2 0.542982 0.534676 0.024917 0.035299
2 0.363372 0.683659 0.035299 0.036337
2 0.258513 0.449024 0.034607 0.030108
2 0.266127 0.395556 0.045681 0.039452