0 0.732004 0.284884 0.054264 0.107973
0 0.934662 0.264120 0.091916 0.112957
0 0.942968 0.063953 0.037652 0.051495
0 0.875969 0.028239 0.043189 0.056478
0 0.744186 0.058970 0.036545 0.044850
0 0.648948 0.115449 0.067553 0.091362
0 0.581949 0.104651 0.048726 0.063123
0 0.136766 0.470930 0.037652 0.048173
0 0.042636 0.230897 0.035437 0.043189
0 0.225914 0.732558 0.032115 0.036545
0 0.242525 0.826412 0.040975 0.041528
0 0.652824 0.418605 0.028793 0.053156
0 0.657807 0.276578 0.049834 0.058140
0 0.812292 0.093023 0.031008 0.039867
0 0.847730 0.073090 0.017719 0.033223
0 0.780177 0.946844 0.022148 0.036545
0 0.767442 0.978405 0.025471 0.043189
0 0.758029 0.884551 0.024363 0.041528
0 0.741971 0.813953 0.027685 0.043189
0 0.740864 0.754153 0.025471 0.033223
0 0.705980 0.692691 0.035437 0.043189
0 0.700997 0.642857 0.029900 0.043189
0 0.687154 0.571429 0.039867 0.059801
2 0.352713 0.117940 0.022148 0.039867
2 0.370986 0.479236 0.036545 0.031561