0 0.745847 0.569767 0.026578 0.036545
0 0.674419 0.507475 0.036545 0.054817
0 0.704873 0.452658 0.037652 0.071429
0 0.518826 0.444352 0.042082 0.058140
0 0.135659 0.764120 0.055371 0.099668
0 0.855482 0.740864 0.033223 0.033223
0 0.872647 0.791528 0.027685 0.038206
0 0.900886 0.752492 0.026578 0.033223
0 0.934109 0.558970 0.022148 0.034884
0 0.919712 0.518272 0.022148 0.029900
0 0.889812 0.523256 0.026578 0.046512
0 0.853267 0.521595 0.028793 0.033223
0 0.816168 0.525748 0.025471 0.038206
0 0.810631 0.461794 0.029900 0.036545
0 0.772979 0.434385 0.023256 0.021595
0 0.736988 0.427741 0.015504 0.034884
0 0.741971 0.520764 0.032115 0.034884
0 0.744186 0.485050 0.018826 0.033223
0 0.775194 0.510797 0.034330 0.028239
0 0.790144 0.582226 0.022148 0.041528
0 0.821705 0.578073 0.023256 0.039867
0 0.833333 0.631229 0.031008 0.046512
0 0.873754 0.635382 0.023256 0.038206
0 0.730620 0.709302 0.028793 0.033223
0 0.709579 0.643272 0.026578 0.039037
0 0.741417 0.622093 0.021595 0.028239
0 0.761628 0.651163 0.021041 0.031561
0 0.768549 0.698920 0.023810 0.027409
0 0.793743 0.637458 0.029900 0.042359
0 0.802879 0.695598 0.026024 0.027409
0 0.846899 0.695183 0.025471 0.039867
0 0.878738 0.699751 0.023810 0.030731
0 0.836656 0.801495 0.030454 0.034884
0 0.910022 0.809801 0.016611 0.029900
0 0.972868 0.712625 0.016058 0.026578
0 0.902270 0.660714 0.016611 0.024086
0 0.903654 0.582226 0.023810 0.038206
0 0.858250 0.585548 0.023810 0.029900
0 0.708195 0.573090 0.033776 0.063123
0 0.769657 0.759551 0.027132 0.032392
0 0.817553 0.752076 0.018826 0.025748
0 0.801772 0.784053 0.021595 0.039867
0 0.952935 0.833887 0.042636 0.051495
0 0.929956 0.719684 0.038760 0.050664
2 0.609911 0.545266 0.023256 0.039037
2 0.591916 0.557309 0.028239 0.043189
2 0.447582 0.312154 0.028608 0.031838
2 0.629845 0.305925 0.033223 0.055371
2 0.442968 0.362680 0.037837 0.035991
0 0.287929 0.090532 0.069767 0.088040
0 0.639535 0.056478 0.035437 0.046512
0 0.444629 0.169435 0.033223 0.049834
0 0.447398 0.080565 0.043189 0.051495
0 0.039313 0.911130 0.075305 0.151163
0 0.521041 0.043189 0.044297 0.066445
0 0.373754 0.059801 0.044297 0.056478