0 0.817645 0.368217 0.015688 0.024917
0 0.836102 0.326689 0.021226 0.027685
0 0.857327 0.304540 0.011997 0.022148
0 0.887781 0.272010 0.011997 0.020764
0 0.861480 0.391750 0.012920 0.027685
0 0.943106 0.330150 0.028516 0.037375
0 0.667774 0.073090 0.118494 0.139535
0 0.580842 0.197674 0.022148 0.026578
0 0.554817 0.217608 0.018826 0.026578
0 0.523256 0.220930 0.015504 0.023256
0 0.060562 0.017130 0.023533 0.028032
0 0.083403 0.063850 0.023533 0.032184
0 0.104167 0.096034 0.019380 0.032184
0 0.360257 0.247093 0.017996 0.035299
0 0.386905 0.248131 0.017303 0.033223
0 0.428779 0.249689 0.017996 0.032184
0 0.448505 0.244498 0.014535 0.038414
0 0.472730 0.239826 0.011766 0.026993
0 0.497301 0.234115 0.016611 0.028032
0 0.617386 0.166632 0.024225 0.021802
0 0.335687 0.245536 0.015919 0.030108
0 0.310424 0.242421 0.027685 0.030108
0 0.282046 0.235154 0.016611 0.032184
0 0.256091 0.227886 0.024225 0.025955
0 0.228059 0.206603 0.022148 0.022841
0 0.259690 0.928571 0.201550 0.142857
2 0.146179 0.412791 0.045404 0.061462
2 0.070875 0.287375 0.063123 0.046512
2 0.055371 0.322259 0.063123 0.049834
2 0.399779 0.029900 0.038760 0.049834
2 0.409192 0.156977 0.026578 0.061462
2 0.459025 0.124585 0.024363 0.033223
2 0.550941 0.641196 0.031008 0.043189