0 0.264120 0.159468 0.241417 0.312292
0 0.111296 0.826412 0.212625 0.347176
0 0.650055 0.705980 0.060908 0.069767
0 0.633444 0.862126 0.058693 0.112957
0 0.556478 0.904485 0.112957 0.167774
0 0.781285 0.960963 0.059801 0.068106
0 0.933278 0.309801 0.133444 0.194352
0 0.915836 0.489203 0.069767 0.137874
0 0.754153 0.583887 0.071982 0.088040
0 0.661683 0.054817 0.130676 0.109634
0 0.586932 0.612126 0.054264 0.084718
0 0.562569 0.714286 0.085271 0.109635
0 0.480620 0.810631 0.045404 0.076412
0 0.336102 0.859635 0.064230 0.074751
0 0.088594 0.456811 0.098560 0.112957
2 0.563123 0.301495 0.066445 0.074751
2 0.491141 0.126246 0.037652 0.089701
2 0.575305 0.068106 0.044297 0.086379
2 0.438538 0.059801 0.052049 0.109635
2 0.380952 0.651993 0.049834 0.088040