0 0.190476 0.095515 0.087486 0.121262
0 0.731451 0.408638 0.068660 0.099668
0 0.681617 0.177741 0.062016 0.102990
0 0.611849 0.121262 0.055371 0.083056
0 0.652824 0.439369 0.046512 0.094684
0 0.625692 0.231728 0.054264 0.114618
0 0.416944 0.275748 0.075305 0.086379
0 0.145626 0.803156 0.035437 0.048173
0 0.450720 0.712625 0.029900 0.039867
0 0.535991 0.735880 0.023256 0.026578
0 0.516058 0.689369 0.036545 0.049834
0 0.538206 0.909468 0.052049 0.084718
0 0.240864 0.343498 0.033223 0.029663
0 0.187075 0.496559 0.025312 0.036782
0 0.764911 0.719032 0.027685 0.033223
0 0.356352 0.666232 0.033223 0.034409
0 0.323920 0.664452 0.031641 0.028477
0 0.452856 0.035002 0.058535 0.060513
0 0.558060 0.086616 0.044297 0.054580
0 0.411723 0.141196 0.022148 0.028477
0 0.445736 0.122805 0.023730 0.027290
0 0.473026 0.109753 0.021357 0.034409
0 0.508227 0.105600 0.031641 0.033223
0 0.748299 0.470456 0.079892 0.022544
0 0.276855 0.664452 0.016611 0.021357
0 0.265385 0.699454 0.023730 0.032036
0 0.314033 0.708946 0.030850 0.043901
0 0.188657 0.673944 0.036387 0.045088
0 0.188261 0.725558 0.035596 0.036782