0 0.346069 0.068106 0.112957 0.136212
0 0.546512 0.114618 0.050941 0.096346
0 0.544850 0.269103 0.056478 0.116279
0 0.588040 0.186047 0.067553 0.119601
0 0.611296 0.050664 0.085271 0.101328
0 0.017442 0.902824 0.034884 0.068106
0 0.028239 0.955980 0.026578 0.018272
0 0.490179 0.367197 0.021566 0.027977
0 0.458705 0.394737 0.019234 0.016611
0 0.438596 0.408725 0.015154 0.014863
0 0.418488 0.420091 0.014571 0.013114
0 0.375940 0.440199 0.018068 0.023606
0 0.323192 0.461619 0.034971 0.024480
0 0.287346 0.466865 0.029725 0.024480
0 0.258495 0.465553 0.027977 0.023606
2 0.312409 0.326543 0.049542 0.039343
2 0.313866 0.272775 0.037303 0.050708
2 0.362826 0.232121 0.026811 0.023606
2 0.379728 0.326980 0.038468 0.080434
2 0.203363 0.318635 0.045304 0.042283
2 0.213430 0.230293 0.037250 0.043793
2 0.173160 0.231048 0.037250 0.033223
0 0.140944 0.436424 0.037250 0.030202
0 0.205879 0.463606 0.040270 0.027182
0 0.723346 0.482483 0.020135 0.022652
0 0.738448 0.446240 0.018121 0.016611
0 0.758079 0.412262 0.019128 0.024162
0 0.780731 0.370734 0.024162 0.025672