2 0.242525 0.301495 0.105205 0.081395
2 0.371539 0.073090 0.073090 0.132890
2 0.445736 0.704319 0.053156 0.093023
2 0.476744 0.785714 0.050941 0.093023
0 0.870986 0.593854 0.104097 0.134551
0 0.729790 0.561462 0.034330 0.053156
0 0.753599 0.805648 0.039867 0.059801
0 0.741971 0.683555 0.054264 0.068106
0 0.352159 0.606312 0.076412 0.116279
0 0.364341 0.818106 0.098560 0.101329
0 0.373200 0.931894 0.109635 0.089701
0 0.648394 0.577243 0.042082 0.058140
0 0.548173 0.620432 0.054264 0.098007
0 0.598007 0.753322 0.052049 0.074751
0 0.665559 0.686047 0.052049 0.079734
2 0.943245 0.887043 0.113510 0.102990
0 0.148948 0.178571 0.066445 0.091362