0 0.238649 0.357973 0.084164 0.074751
0 0.296788 0.490864 0.060908 0.074751
0 0.248062 0.578904 0.056478 0.051495
0 0.187708 0.527409 0.035437 0.064784
0 0.152824 0.549834 0.038760 0.043189
0 0.126246 0.616279 0.038760 0.033223
0 0.209856 0.088040 0.044297 0.076412
2 0.516611 0.658638 0.028793 0.044850
2 0.851606 0.434385 0.016611 0.058140
2 0.923588 0.456811 0.049834 0.039867
2 0.848837 0.352159 0.046512 0.039867
2 0.650055 0.661960 0.029900 0.051495
2 0.616279 0.635382 0.028793 0.038206
2 0.549280 0.660299 0.018826 0.034884
2 0.364341 0.527409 0.040975 0.048173
2 0.365449 0.342193 0.045404 0.039867
2 0.324474 0.098837 0.036545 0.061462
0 0.843300 0.594684 0.035437 0.029900
0 0.771318 0.587209 0.039867 0.048173
0 0.720930 0.576412 0.047619 0.033223
0 0.589147 0.494186 0.032115 0.058140
0 0.105759 0.294020 0.033223 0.046512
0 0.297896 0.652824 0.056478 0.066445