0 0.657254 0.589701 0.124031 0.169435
0 0.549834 0.713455 0.037652 0.054817
0 0.580288 0.799003 0.036545 0.069767
0 0.586932 0.897841 0.052049 0.098007
0 0.074197 0.695183 0.125138 0.154485
0 0.036545 0.445183 0.067553 0.116279
0 0.129014 0.528239 0.059801 0.099668
0 0.031561 0.186047 0.055371 0.126246
0 0.528239 0.186877 0.063123 0.088040
0 0.480620 0.030731 0.034330 0.044850
0 0.463455 0.082226 0.024363 0.041528
2 0.290698 0.482558 0.057586 0.058140
2 0.308416 0.537375 0.057586 0.061462
2 0.399225 0.517442 0.037652 0.061462
2 0.450720 0.656146 0.045404 0.079734
2 0.468439 0.563123 0.056478 0.076412
2 0.720930 0.348007 0.076412 0.114618