0 0.261905 0.435216 0.267996 0.318937
0 0.689922 0.196844 0.151717 0.204319
0 0.857697 0.122924 0.117386 0.129568
0 0.962625 0.657807 0.074750 0.119601
0 0.111296 0.936877 0.174972 0.126246
0 0.109081 0.657807 0.070875 0.096346
0 0.024640 0.779070 0.049280 0.066445
0 0.679402 0.897010 0.057586 0.089701
0 0.790698 0.774917 0.098560 0.098007
0 0.953212 0.454319 0.093576 0.224252
2 0.503876 0.319767 0.063123 0.084718
2 0.450720 0.245847 0.047619 0.102990
2 0.317276 0.132890 0.062016 0.083056
2 0.399225 0.748339 0.084164 0.074751