0 0.655592 0.327243 0.147287 0.269103
0 0.954873 0.436047 0.090254 0.131229
0 0.843300 0.058970 0.086379 0.107973
0 0.179402 0.208472 0.280177 0.410299
0 0.053156 0.622924 0.058693 0.086379
0 0.207087 0.613787 0.049834 0.101329
1 0.259136 0.852159 0.049834 0.089701
0 0.313400 0.857143 0.032115 0.059801
0 0.216501 0.857973 0.037652 0.038206
0 0.030454 0.548173 0.033223 0.039867
0 0.805094 0.346346 0.136213 0.274086
0 0.538206 0.094684 0.052049 0.122924
0 0.440753 0.134551 0.045404 0.063123
0 0.457364 0.963455 0.036545 0.073090
0 0.847176 0.825581 0.054264 0.079734