0 0.729790 0.285714 0.045404 0.076412
0 0.825581 0.232558 0.037652 0.056478
0 0.844961 0.418605 0.025471 0.053156
0 0.844408 0.529070 0.026578 0.051495
0 0.942968 0.615449 0.075305 0.177741
0 0.897564 0.821429 0.163898 0.177741
0 0.034607 0.709302 0.069214 0.116279
0 0.079734 0.967608 0.056478 0.064784
2 0.480066 0.289867 0.031008 0.058140
2 0.612957 0.246678 0.035437 0.084718
2 0.590255 0.411960 0.032115 0.039867
2 0.334441 0.215947 0.036545 0.063123
2 0.359358 0.504153 0.055371 0.088040
2 0.438538 0.895349 0.032115 0.086379