0 0.248062 0.178571 0.080842 0.081395
0 0.194906 0.118771 0.049834 0.061462
0 0.074197 0.160299 0.032115 0.044850
0 0.119601 0.106312 0.040975 0.049834
0 0.016888 0.047342 0.033776 0.074751
0 0.095792 0.037375 0.088594 0.068106
0 0.239756 0.355482 0.108527 0.122924
0 0.577519 0.315615 0.093023 0.109635
0 0.545404 0.512458 0.081949 0.151163
0 0.447398 0.445183 0.094131 0.116279
0 0.788483 0.504983 0.308970 0.355482
0 0.717054 0.072259 0.117386 0.144518
0 0.488926 0.250000 0.110742 0.127907
0 0.351052 0.318937 0.136213 0.159468
0 0.384828 0.130399 0.130676 0.191030
1 0.515504 0.850498 0.024363 0.102990
1 0.556478 0.782392 0.048726 0.083056
1 0.394795 0.569767 0.046512 0.109635