0 0.378738 0.440199 0.105205 0.129568
0 0.703765 0.322259 0.073090 0.096346
0 0.673311 0.667774 0.080842 0.126246
0 0.950720 0.861296 0.046512 0.094684
0 0.918051 0.596346 0.078627 0.139535
0 0.834441 0.396179 0.039867 0.068106
0 0.903101 0.431894 0.062016 0.086379
0 0.683278 0.427741 0.027685 0.028239
0 0.645626 0.454319 0.023256 0.034884
0 0.721484 0.407807 0.028793 0.048173
0 0.768549 0.415282 0.038760 0.053156
0 0.423588 0.712625 0.024363 0.036545
0 0.364895 0.920266 0.028793 0.036545
0 0.431340 0.866279 0.024363 0.018272
0 0.378738 0.274917 0.032115 0.038206
0 0.493909 0.072259 0.014396 0.018272
0 0.502215 0.116279 0.017719 0.019934
0 0.506645 0.297342 0.008859 0.009967
0 0.523810 0.330565 0.007752 0.016611
0 0.542636 0.339701 0.009967 0.014950
0 0.538760 0.310631 0.011074 0.013289
0 0.561462 0.401163 0.012182 0.011628
0 0.559801 0.374585 0.011074 0.021595
0 0.547065 0.361296 0.012182 0.028239
0 0.529900 0.378738 0.011074 0.013289
0 0.967054 0.264950 0.065891 0.134551
1 0.461240 0.828073 0.044297 0.041528
1 0.473422 0.320598 0.044297 0.049834
0 0.347730 0.126246 0.016611 0.029900
0 0.369324 0.196844 0.028793 0.031561
0 0.303987 0.127076 0.028793 0.031561
0 0.492248 0.151993 0.022148 0.048173
0 0.480620 0.100498 0.025471 0.038206