0 0.625692 0.480066 0.149502 0.205980
0 0.191030 0.199336 0.135105 0.202658
0 0.218715 0.028239 0.059801 0.043189
0 0.841085 0.069767 0.084164 0.139534
0 0.942414 0.097176 0.087486 0.167774
0 0.959579 0.475083 0.077519 0.152824
0 0.634551 0.164452 0.029900 0.059801
0 0.681063 0.137043 0.032115 0.058140
0 0.739756 0.125415 0.056478 0.061462
0 0.577519 0.207641 0.053156 0.059801
0 0.652270 0.046512 0.111849 0.093023
0 0.445183 0.111296 0.018826 0.026578
0 0.440199 0.080565 0.017719 0.031561
0 0.421373 0.078073 0.017719 0.016611
0 0.446290 0.149502 0.018826 0.023256
0 0.471761 0.153654 0.018826 0.021595
0 0.465116 0.125415 0.018826 0.021595
0 0.415282 0.163621 0.018826 0.018272
0 0.421927 0.108804 0.018826 0.014950
2 0.465116 0.310631 0.040975 0.096346
0 0.251938 0.873754 0.039867 0.059801
0 0.299557 0.593854 0.048726 0.078073
2 0.895903 0.611296 0.049834 0.073090
2 0.950720 0.806478 0.057586 0.061462
2 0.132337 0.972591 0.095238 0.054817
2 0.755814 0.200166 0.044297 0.084718