0 0.640642 0.239203 0.132890 0.186047
0 0.761905 0.181063 0.067553 0.106312
0 0.888704 0.461794 0.143965 0.225914
0 0.549834 0.936047 0.179402 0.127906
0 0.129568 0.898671 0.218162 0.202658
0 0.159468 0.623754 0.076412 0.084718
0 0.297342 0.426910 0.205980 0.239203
2 0.480620 0.329734 0.034330 0.071429
2 0.429125 0.269934 0.044297 0.078073
2 0.432447 0.160299 0.044297 0.094684
2 0.385936 0.699336 0.064230 0.063123
0 0.069767 0.720100 0.067553 0.081395
0 0.621816 0.808140 0.042082 0.074751
0 0.775194 0.609635 0.076412 0.182724
0 0.652824 0.044850 0.053156 0.059801