0 0.786268 0.460133 0.107420 0.142857
0 0.918605 0.283223 0.081949 0.131229
0 0.832780 0.153654 0.122924 0.227575
0 0.468992 0.216777 0.110742 0.197674
0 0.404762 0.920266 0.068660 0.109635
0 0.453488 0.720100 0.090808 0.167774
0 0.765781 0.578904 0.050941 0.054817
0 0.883721 0.428571 0.049834 0.073090
0 0.770764 0.904485 0.036545 0.064784
0 0.762458 0.761628 0.035437 0.091362
0 0.303433 0.651163 0.043189 0.096346
0 0.196013 0.765781 0.034330 0.049834
0 0.468992 0.560631 0.033223 0.051495
0 0.436323 0.498339 0.034330 0.046512
0 0.378184 0.539867 0.026578 0.036545
0 0.337763 0.539867 0.003322 0.006645
0 0.340532 0.551495 0.031008 0.036545
0 0.281285 0.568106 0.038760 0.039867
0 0.170543 0.840532 0.034330 0.046512
2 0.737542 0.688538 0.060908 0.044850
2 0.648394 0.755814 0.050941 0.063123
2 0.461794 0.404485 0.034330 0.044850
2 0.429679 0.439369 0.036545 0.041528
0 0.286268 0.908638 0.079734 0.142857
0 0.383721 0.776578 0.057586 0.147841