0 0.566999 0.530731 0.160576 0.151163
0 0.593023 0.149502 0.053156 0.112957
0 0.843300 0.700166 0.208195 0.227575
0 0.697674 0.902824 0.165006 0.194352
0 0.248062 0.880399 0.231451 0.239202
0 0.072536 0.279900 0.143965 0.267442
0 0.125138 0.691030 0.074197 0.089701
0 0.104651 0.813953 0.048726 0.049834
0 0.106312 0.885382 0.054264 0.059801
0 0.528239 0.637043 0.094131 0.058140
0 0.630676 0.435216 0.073090 0.083056
2 0.228682 0.111296 0.039867 0.126246
2 0.169989 0.140365 0.064230 0.094684
2 0.217054 0.449336 0.060908 0.078073