1 0.576966 0.592193 0.063123 0.058140
1 0.751384 0.593854 0.050941 0.048173
1 0.713732 0.530731 0.037652 0.044850
1 0.405869 0.365449 0.062016 0.096346
1 0.358804 0.451827 0.052049 0.059801
1 0.269103 0.137874 0.054264 0.076412
1 0.381506 0.110465 0.070875 0.107973
0 0.307863 0.987542 0.023256 0.024916
0 0.289037 0.833887 0.023256 0.036545
0 0.322259 0.827243 0.021041 0.023256
0 0.303987 0.798173 0.022148 0.028239
0 0.283499 0.758306 0.023256 0.034884
0 0.322813 0.750831 0.031008 0.036545
0 0.301218 0.715947 0.021041 0.016611
0 0.329457 0.705980 0.017719 0.029900
0 0.325028 0.663621 0.031008 0.034884
0 0.325028 0.619601 0.019934 0.016611
0 0.256921 0.936047 0.027685 0.038206
0 0.318937 0.921927 0.021041 0.026578
0 0.269657 0.990033 0.026578 0.019934
0 0.258029 0.846346 0.025471 0.031561
0 0.244186 0.721761 0.026578 0.034884
0 0.258029 0.693522 0.029900 0.024917
0 0.287929 0.670266 0.027685 0.028239
0 0.251384 0.764950 0.023256 0.021595
0 0.258583 0.807309 0.024363 0.029900
0 0.281285 0.926910 0.027685 0.036545
0 0.307309 0.875415 0.035437 0.029900
0 0.265781 0.883721 0.025471 0.023256
0 0.292359 0.964286 0.032115 0.024917
0 0.240864 0.347176 0.070875 0.063123
0 0.234773 0.580565 0.063123 0.041528
0 0.050941 0.468439 0.052049 0.079734
0 0.106312 0.414452 0.040975 0.068106
0 0.173865 0.447674 0.036545 0.078073
0 0.158361 0.767442 0.034330 0.036545
0 0.114618 0.767442 0.031008 0.026578