0 0.088594 0.587209 0.063123 0.074751
0 0.129014 0.267442 0.141750 0.205980
0 0.431894 0.037375 0.091916 0.074750
0 0.637320 0.251661 0.101883 0.167774
0 0.627353 0.391196 0.053156 0.081395
0 0.566445 0.533223 0.044297 0.066445
0 0.747508 0.690199 0.078627 0.091362
0 0.583056 0.653654 0.053156 0.061462
0 0.539867 0.730897 0.117386 0.102990
0 0.156700 0.873754 0.186047 0.252492
0 0.720930 0.097176 0.116279 0.181063
0 0.476744 0.588040 0.048726 0.066445
0 0.732558 0.931063 0.208195 0.137874
0 0.754707 0.230066 0.050941 0.107973
1 0.449059 0.363787 0.033223 0.046512
1 0.325028 0.160299 0.031008 0.081395
1 0.270210 0.134551 0.038760 0.069767
1 0.177741 0.145349 0.062016 0.044850
0 0.029347 0.759967 0.033223 0.071429