1 0.499446 0.637043 0.032115 0.031561
1 0.696013 0.710963 0.048726 0.043189
1 0.647287 0.611296 0.055371 0.066445
1 0.586932 0.481728 0.052049 0.053156
1 0.479513 0.296512 0.027685 0.048173
1 0.506091 0.332226 0.025471 0.076412
1 0.550388 0.348837 0.027685 0.046512
1 0.376523 0.416113 0.029900 0.048173
1 0.347176 0.136213 0.042082 0.053156
1 0.533223 0.916944 0.015504 0.039867
1 0.576966 0.980066 0.027685 0.039867
0 0.756921 0.806478 0.059801 0.084718
0 0.368217 0.490033 0.066445 0.069767
0 0.346069 0.372093 0.039867 0.053156
0 0.361019 0.308970 0.052049 0.049834
0 0.374308 0.222591 0.067553 0.063123
0 0.281838 0.402824 0.062016 0.084718
0 0.241971 0.297342 0.044297 0.076412
0 0.298450 0.313123 0.044297 0.074751
0 0.210963 0.219269 0.048726 0.049834
0 0.196013 0.159468 0.045404 0.049834
0 0.255814 0.123754 0.027685 0.041528
0 0.169435 0.109635 0.056478 0.043189
0 0.156146 0.064784 0.029900 0.029900
0 0.135659 0.026578 0.059801 0.053156