0 0.451274 0.440199 0.101883 0.129568
0 0.580288 0.751661 0.071982 0.117940
0 0.664452 0.706811 0.043189 0.064784
0 0.804540 0.543189 0.031008 0.046512
0 0.921373 0.919435 0.016611 0.014950
0 0.910299 0.887043 0.018826 0.029900
0 0.911406 0.843854 0.023256 0.036545
0 0.931340 0.814784 0.018826 0.024917
0 0.956257 0.793189 0.024363 0.041528
0 0.735880 0.538206 0.070875 0.099668
1 0.420266 0.671096 0.033223 0.026578
1 0.409745 0.643688 0.032115 0.038206
1 0.423588 0.623754 0.035437 0.034884
1 0.430233 0.544850 0.017719 0.043189
1 0.350498 0.602990 0.037652 0.043189
1 0.375415 0.545681 0.021041 0.048173
1 0.248616 0.411960 0.048726 0.043189
1 0.243632 0.529900 0.038760 0.036545
1 0.210410 0.547342 0.025471 0.034884