0 0.656146 0.513289 0.057586 0.089701
0 0.548726 0.358804 0.068660 0.073090
0 0.596899 0.460963 0.045404 0.074751
0 0.477298 0.186877 0.125138 0.191030
0 0.362126 0.259967 0.074197 0.088040
0 0.189369 0.166113 0.191584 0.192691
0 0.402547 0.371262 0.042082 0.041528
0 0.455150 0.366279 0.038760 0.054817
0 0.462901 0.484219 0.029900 0.064784
0 0.508306 0.438538 0.045404 0.069767
0 0.515504 0.563123 0.048726 0.073090
0 0.938815 0.883721 0.122370 0.176080
0 0.800111 0.701827 0.126246 0.141196
0 0.875969 0.524917 0.151717 0.222591
1 0.490587 0.727575 0.049834 0.063123
1 0.435216 0.783223 0.045404 0.098007
0 0.418051 0.455150 0.015504 0.026578
0 0.367663 0.393688 0.025471 0.026578
0 0.333333 0.330565 0.027685 0.019934