0 0.307522 0.054519 0.023000 0.025556
0 0.364597 0.076668 0.023852 0.026408
0 0.390152 0.116066 0.023852 0.026834
0 0.338402 0.185706 0.024278 0.021297
0 0.333291 0.210836 0.019167 0.020445
0 0.425505 0.259818 0.028111 0.026408
0 0.524960 0.089232 0.012352 0.014056
0 0.378865 0.213604 0.022574 0.030241
0 0.239160 0.041315 0.029389 0.025556
0 0.416986 0.083908 0.008519 0.008519
0 0.420394 0.044510 0.011074 0.011500
0 0.421245 0.027473 0.008519 0.010648
0 0.375671 0.032158 0.014482 0.018315
0 0.596729 0.163557 0.017037 0.018741
0 0.603544 0.234262 0.013630 0.012778
0 0.505154 0.024065 0.009370 0.011500
0 0.384189 0.163557 0.021297 0.020445
0 0.546043 0.241077 0.009370 0.009370
0 0.246401 0.287929 0.025982 0.023000
0 0.235540 0.359911 0.029815 0.027260
0 0.399097 0.356504 0.028111 0.048556
0 0.522830 0.376949 0.025130 0.027260
0 0.565849 0.387810 0.013204 0.011500
0 0.537950 0.445098 0.014482 0.014482
0 0.580543 0.383976 0.007667 0.011500
0 0.591405 0.380782 0.006389 0.005963
0 0.602905 0.369069 0.007241 0.007241
0 0.586932 0.408255 0.009370 0.013204
0 0.594812 0.395051 0.007241 0.007241
0 0.609294 0.437005 0.008093 0.010222
0 0.608442 0.401440 0.013204 0.008093
0 0.553923 0.396116 0.019167 0.017889
0 0.359273 0.483218 0.029389 0.035352
0 0.372050 0.450848 0.011500 0.008945
0 0.477681 0.313698 0.027685 0.029389
0 0.466181 0.271318 0.008945 0.011074
0 0.465968 0.258114 0.007667 0.014482
0 0.476616 0.247253 0.011074 0.011500
0 0.495144 0.261308 0.009796 0.015759
0 0.407829 0.270466 0.012352 0.009370
0 0.226382 0.696397 0.021722 0.023000
0 0.224252 0.657637 0.016611 0.019593
0 0.318383 0.659554 0.019167 0.014908
0 0.276855 0.666794 0.014482 0.008093
0 0.503876 0.717054 0.021297 0.025982
0 0.530071 0.680850 0.024278 0.025982
0 0.519848 0.600136 0.021722 0.011926
0 0.405699 0.667433 0.018315 0.021297
0 0.438283 0.658489 0.017889 0.020445
0 0.435088 0.687452 0.013204 0.023000
0 0.289846 0.915964 0.007241 0.008093
0 0.303689 0.907445 0.007667 0.007241
0 0.317957 0.901269 0.010648 0.006815
0 0.340532 0.855056 0.031093 0.033649
0 0.425292 0.957066 0.019167 0.019593
0 0.563293 0.941094 0.015759 0.014908
0 0.566488 0.793722 0.024704 0.015759
0 0.534543 0.800750 0.018741 0.017889
0 0.536460 0.763481 0.006389 0.007241
0 0.542636 0.758370 0.005111 0.007241
0 0.582673 0.744314 0.011926 0.008093
0 0.567979 0.736860 0.012352 0.006815
0 0.609081 0.731749 0.011074 0.011926
0 0.429977 0.992376 0.033649 0.015248
0 0.395051 0.865704 0.007241 0.006389
0 0.488329 0.820342 0.008093 0.005111
0 0.481302 0.823963 0.005963 0.006389
0 0.475339 0.826305 0.009370 0.006815
0 0.452551 0.835463 0.006389 0.007241
0 0.445523 0.836528 0.009370 0.007667
0 0.439560 0.839935 0.006815 0.006815
0 0.404208 0.857824 0.006815 0.005963
0 0.413366 0.853778 0.008093 0.006389
0 0.502811 0.962177 0.027685 0.016185
0 0.529006 0.940668 0.017037 0.021722
0 0.609933 0.864852 0.009370 0.022574
0 0.420607 0.915538 0.013204 0.008945
0 0.568830 0.970270 0.031945 0.012778
0 0.658489 0.833546 0.017037 0.017889
0 0.725573 0.903186 0.017463 0.017463
0 0.753684 0.896371 0.011500 0.010648
0 0.786907 0.928529 0.028537 0.032371
0 0.817148 0.874649 0.010648 0.013204
0 0.934918 0.884445 0.017889 0.020871
0 0.960048 0.890621 0.017889 0.023000
0 0.966224 0.974742 0.021722 0.017463
0 0.926399 0.986881 0.015334 0.006815
0 0.836741 0.989224 0.029389 0.019167
0 0.748360 0.976659 0.032371 0.028963
0 0.642942 0.979428 0.026834 0.021722
0 0.636553 0.879334 0.013204 0.013204
0 0.733240 0.847389 0.025982 0.033649
0 0.753045 0.827583 0.011074 0.012778
0 0.775620 0.803305 0.019593 0.018741
0 0.836528 0.790740 0.035778 0.042167
0 0.911066 0.782648 0.023852 0.024278
0 0.921927 0.814379 0.022574 0.018741
0 0.864213 0.828435 0.031519 0.017037
0 0.836315 0.844620 0.020871 0.019593
0 0.819491 0.930233 0.020445 0.017037
0 0.802666 0.908936 0.012352 0.011926
0 0.987733 0.858037 0.018741 0.026834
0 0.991567 0.970270 0.012778 0.020445
0 0.873371 0.598433 0.020019 0.018741
0 0.891473 0.552432 0.016185 0.014482
0 0.968140 0.569895 0.022148 0.017889
0 0.834611 0.566914 0.016611 0.017889
0 0.840361 0.547534 0.021297 0.015759
0 0.667433 0.709388 0.024704 0.030241
0 0.737286 0.681915 0.016185 0.022148
0 0.719823 0.733453 0.021297 0.020445
0 0.850584 0.686600 0.038334 0.017037
0 0.822046 0.699804 0.015334 0.011074
0 0.802879 0.705980 0.017889 0.005537
0 0.932149 0.685961 0.024278 0.031945
0 0.744953 0.544339 0.052815 0.041741
0 0.694267 0.579479 0.017037 0.009796
0 0.681702 0.515376 0.013204 0.010222
0 0.637405 0.629526 0.033649 0.030667
0 0.675526 0.609081 0.023000 0.018741
0 0.616109 0.715776 0.013204 0.008945
0 0.642942 0.704702 0.017463 0.020871
0 0.626970 0.724934 0.011926 0.009370
0 0.872945 0.629738 0.021722 0.031093
0 0.970909 0.600562 0.017463 0.022148
0 0.985391 0.512821 0.016611 0.021297
0 0.939177 0.506857 0.018741 0.015334
0 0.804583 0.378865 0.020445 0.013204
0 0.722378 0.371199 0.015334 0.012352
0 0.697461 0.347985 0.018315 0.018741
0 0.660193 0.412088 0.013630 0.008093
0 0.628674 0.441264 0.019593 0.012778
0 0.823324 0.467246 0.013630 0.013630
0 0.822472 0.212326 0.025556 0.021722
0 0.925547 0.217864 0.030667 0.021722
0 0.775833 0.257475 0.049834 0.032797
0 0.675952 0.267910 0.029815 0.020445
0 0.793083 0.131826 0.017037 0.013204
0 0.777962 0.105205 0.015759 0.011074
0 0.758157 0.081353 0.017037 0.012778
0 0.842278 0.049621 0.012352 0.014056
0 0.923631 0.040889 0.025982 0.041741
0 0.953020 0.047491 0.015759 0.019167
0 0.978789 0.206363 0.026408 0.018315
0 0.804370 0.083482 0.020871 0.031519
0 0.737286 0.061121 0.025556 0.024278
0 0.934705 0.095621 0.033649 0.035352
0 0.856121 0.008519 0.022148 0.017037
0 0.917881 0.005963 0.029815 0.011926
0 0.752194 0.479598 0.018741 0.011926
0 0.737286 0.476403 0.009370 0.008093
0 0.738990 0.429551 0.028111 0.022574
0 0.888917 0.432320 0.011074 0.010222
0 0.921075 0.354374 0.017463 0.022148
0 0.993547 0.730578 0.012906 0.009583