1 0.332226 0.526450 0.008519 0.003407
1 0.659128 0.482579 0.005537 0.002556
1 0.630164 0.486200 0.007241 0.004685
1 0.673609 0.605460 0.006389 0.003833
0 0.546256 0.534543 0.013204 0.010222
0 0.653165 0.394199 0.020019 0.014056
0 0.639535 0.444885 0.017463 0.027685
0 0.594386 0.421032 0.025982 0.031945
0 0.569469 0.438496 0.033223 0.020019
0 0.546682 0.457237 0.025130 0.012352
0 0.534969 0.470440 0.015334 0.012352
0 0.443394 0.544339 0.017889 0.017889
0 0.337976 0.470014 0.007241 0.004685
0 0.361828 0.450848 0.012352 0.006389
0 0.373541 0.439773 0.007667 0.005537
0 0.608229 0.666369 0.025556 0.024278
0 0.661969 0.929040 0.041035 0.044126
0 0.568404 0.881676 0.018315 0.021297
0 0.522830 0.958344 0.056649 0.046001
1 0.659341 0.349902 0.005111 0.002982
1 0.672332 0.347133 0.003833 0.002556
1 0.659554 0.344152 0.002130 0.002556
1 0.667220 0.343939 0.002982 0.003833
1 0.660193 0.353097 0.003407 0.004259
1 0.562441 0.344365 0.003833 0.002982
1 0.544978 0.336698 0.002982 0.002982
1 0.542636 0.326050 0.003407 0.002130
1 0.550302 0.322855 0.005111 0.003407
1 0.533052 0.297726 0.002130 0.005111
1 0.518571 0.294318 0.008945 0.006815
1 0.608868 0.377800 0.003833 0.003407
1 0.592044 0.247892 0.005111 0.003407
1 0.593960 0.230428 0.005537 0.002556
1 0.584590 0.236817 0.005537 0.005963
0 0.611849 0.240438 0.021722 0.023426
0 0.569256 0.117770 0.020871 0.023426
0 0.562654 0.074325 0.023000 0.029389
0 0.588423 0.040250 0.013204 0.015759
0 0.588636 0.055584 0.009370 0.006389
0 0.555414 0.036417 0.015334 0.010648
0 0.517506 0.060056 0.022148 0.022148
0 0.511969 0.037269 0.010222 0.013204
0 0.533265 0.037056 0.013630 0.016185
0 0.362254 0.052389 0.013204 0.010222
0 0.370560 0.097538 0.033223 0.029815
0 0.394199 0.235966 0.024278 0.022148
0 0.439560 0.235540 0.030667 0.021297
0 0.444672 0.259818 0.033223 0.017037
0 0.498126 0.257901 0.017463 0.017463
0 0.551154 0.264929 0.032371 0.023852
0 0.402717 0.304327 0.031945 0.020019
0 0.409106 0.276003 0.039612 0.020445
0 0.357782 0.248531 0.024704 0.016611
0 0.422949 0.116279 0.019593 0.014482
0 0.299429 0.064103 0.031519 0.040463
0 0.246827 0.198910 0.028537 0.017889
0 0.306244 0.229577 0.023852 0.029815
0 0.238521 0.223614 0.026408 0.024704
0 0.190391 0.216373 0.019593 0.017037
0 0.188261 0.188900 0.028111 0.020019
0 0.139279 0.179743 0.033223 0.021297
0 0.139492 0.208280 0.023426 0.015334
0 0.139918 0.085612 0.037056 0.028111
0 0.141409 0.058778 0.031519 0.027260
0 0.093492 0.169307 0.027685 0.025130
0 0.084334 0.194650 0.025556 0.023000
0 0.018954 0.179743 0.032797 0.026408
0 0.286012 0.139705 0.026834 0.055371
0 0.271957 0.314124 0.024278 0.017463
0 0.178252 0.290698 0.024278 0.021722
0 0.030241 0.320726 0.022148 0.031519
0 0.107547 0.816296 0.031945 0.026834
0 0.128844 0.791379 0.024278 0.016185
0 0.048130 0.983900 0.037482 0.029815
0 0.314550 0.987265 0.027685 0.025470
1 0.308374 0.881251 0.006815 0.005111
0 0.104353 0.356930 0.010222 0.011074
0 0.033649 0.351393 0.005963 0.007667
0 0.007880 0.366726 0.010648 0.007667
0 0.004898 0.352671 0.006389 0.005963
0 0.181063 0.754627 0.032748 0.021832
0 0.203132 0.728999 0.017086 0.018984
0 0.254627 0.690318 0.024205 0.025154
0 0.284053 0.669435 0.027053 0.019459
0 0.363313 0.609635 0.022307 0.022307
0 0.387755 0.585430 0.017086 0.015662
0 0.420503 0.631704 0.019934 0.015187
0 0.401519 0.661604 0.013289 0.010441
0 0.781917 0.681538 0.037494 0.035121
0 0.831989 0.660892 0.024680 0.020408
0 0.920028 0.630280 0.022307 0.017086
0 0.893450 0.669198 0.014713 0.019934
0 0.872330 0.708116 0.012340 0.016137
0 0.837447 0.761984 0.024205 0.012814
0 0.850024 0.742288 0.015187 0.018984
0 0.775036 0.854770 0.020883 0.021832
0 0.736830 0.881348 0.048885 0.029426
0 0.800190 0.817276 0.020883 0.018035
0 0.694115 0.968676 0.025154 0.026578
0 0.710489 0.933080 0.011391 0.011391
0 0.729236 0.920266 0.015662 0.014238
0 0.635026 0.842193 0.011391 0.013764
0 0.780494 0.777883 0.015662 0.014238
0 0.855482 0.305173 0.017561 0.023730
0 0.827005 0.294020 0.024205 0.020408
0 0.800902 0.288325 0.019459 0.012814
1 0.743000 0.290698 0.005221 0.003322
1 0.753678 0.288325 0.005695 0.002373
1 0.728287 0.281680 0.005221 0.002373
1 0.735643 0.269578 0.003797 0.004746
1 0.721168 0.271239 0.005221 0.004271
1 0.865686 0.428334 0.006645 0.006170
1 0.911960 0.432368 0.003322 0.003797
1 0.903654 0.410299 0.006645 0.004271
1 0.728049 0.413859 0.004746 0.003797
1 0.645705 0.367347 0.006170 0.001898
1 0.743237 0.661604 0.004746 0.003797
0 0.976981 0.519459 0.046037 0.041291
0 0.849075 0.457048 0.015187 0.013289
0 0.832938 0.445895 0.012340 0.011865
0 0.727337 0.391789 0.025154 0.014713
0 0.739677 0.433792 0.024205 0.021832
0 0.792121 0.411723 0.024680 0.025154
0 0.640959 0.380399 0.016611 0.010916
0 0.789748 0.251068 0.019934 0.019934
0 0.996203 0.336497 0.007594 0.007594
0 0.969862 0.328666 0.018510 0.011865
1 0.878263 0.316801 0.004271 0.004271
1 0.988135 0.330090 0.002848 0.003322
1 0.909824 0.330327 0.003797 0.002848
1 0.795206 0.068344 0.005221 0.004746
1 0.519459 0.304936 0.002373 0.005221
1 0.570717 0.340057 0.004271 0.004271