0 0.342448 0.082631 0.029815 0.041741
0 0.422523 0.054519 0.037482 0.028111
0 0.565423 0.062612 0.016611 0.018741
0 0.595664 0.070492 0.014056 0.018315
0 0.613340 0.038547 0.020445 0.021722
0 0.507709 0.150992 0.025556 0.020019
0 0.766675 0.014695 0.030667 0.026834
0 0.842491 0.031306 0.052815 0.043871
0 0.809055 0.393773 0.054093 0.052389
0 0.286225 0.646989 0.036630 0.032371
0 0.384189 0.564145 0.021297 0.020019
0 0.178465 0.631016 0.016185 0.023426
0 0.154826 0.657637 0.015759 0.021297
0 0.348837 0.742610 0.040037 0.029389
0 0.444459 0.653591 0.035352 0.022574
0 0.128631 0.508135 0.052815 0.046001
0 0.243845 0.842704 0.037056 0.020871
0 0.416560 0.780731 0.041741 0.028963
0 0.559862 0.762889 0.027070 0.029531
0 0.165894 0.917118 0.034534 0.048960
0 0.230154 0.934604 0.018797 0.024480
0 0.297692 0.914714 0.019234 0.019671
0 0.300752 0.962362 0.017486 0.017048