0 0.302976 0.155641 0.025278 0.032500
0 0.306226 0.042973 0.036112 0.042612
0 0.364726 0.179474 0.034667 0.041167
0 0.350643 0.226780 0.031056 0.028889
0 0.326087 0.184169 0.022389 0.039000
0 0.418171 0.146974 0.020222 0.022389
0 0.341976 0.390727 0.045501 0.046223
0 0.319587 0.324281 0.039723 0.033223
0 0.079445 0.014083 0.037556 0.022389
0 0.069695 0.349921 0.015167 0.018056
0 0.075112 0.390365 0.020222 0.019500
0 0.072584 0.412393 0.020945 0.018778
0 0.741369 0.907482 0.033945 0.044056
0 0.733786 0.839954 0.020222 0.024556
0 0.707425 0.818287 0.028167 0.020222
0 0.833815 0.795898 0.023834 0.020222
0 0.894482 0.857648 0.026723 0.025278
0 0.687202 0.683230 0.031056 0.028889
0 0.683230 0.721508 0.034667 0.027445
0 0.443088 0.756897 0.045501 0.031778
0 0.393977 0.782898 0.018056 0.018778
0 0.370257 0.893513 0.034097 0.029725
0 0.357580 0.640846 0.006994 0.010491
0 0.379437 0.644343 0.013988 0.012240
0 0.458122 0.624672 0.017486 0.027103
0 0.826631 0.519322 0.042840 0.031474