0 0.474913 0.255345 0.028111 0.031945
0 0.501959 0.156317 0.025130 0.028111
0 0.518145 0.101371 0.033649 0.025556
0 0.416773 0.308587 0.025130 0.019167
0 0.413792 0.284735 0.020019 0.018315
0 0.355013 0.109251 0.027685 0.025982
0 0.399523 0.039399 0.016185 0.007241
0 0.402292 0.027260 0.011500 0.006815
0 0.599071 0.854417 0.006389 0.005963
0 0.608655 0.851222 0.004259 0.005537
0 0.626331 0.858889 0.007241 0.005537
0 0.575645 0.945566 0.022574 0.028963
0 0.552432 0.855908 0.032371 0.027685
0 0.454681 0.757944 0.029389 0.027685
0 0.410171 0.754323 0.019593 0.018741
0 0.458940 0.957279 0.053241 0.046426
0 0.413153 0.912556 0.030667 0.020871
0 0.423588 0.862723 0.029389 0.014908
0 0.368856 0.474487 0.023000 0.020445
0 0.400801 0.402079 0.027260 0.041741
0 0.403143 0.348837 0.016611 0.011926
0 0.321791 0.156742 0.030241 0.035778
0 0.303263 0.221484 0.033223 0.030667
0 0.299642 0.172715 0.024278 0.027685
0 0.262586 0.098390 0.024278 0.020445
0 0.482579 0.042380 0.027260 0.028537
0 0.457662 0.130335 0.018315 0.018741
0 0.309652 0.011287 0.030667 0.016611
0 0.222549 0.113085 0.030241 0.020019
0 0.280049 0.285161 0.037056 0.022574
0 0.313698 0.333504 0.007241 0.007667
0 0.323281 0.326902 0.006815 0.009796
0 0.325198 0.462348 0.008945 0.003833
0 0.321365 0.429125 0.005537 0.009796
0 0.271105 0.451912 0.030241 0.019593
0 0.151205 0.468311 0.026408 0.034500
0 0.211901 0.418477 0.013204 0.009796
0 0.310503 0.395051 0.028963 0.024278
0 0.263438 0.327328 0.033649 0.031945
0 0.290911 0.327328 0.011926 0.010648
0 0.208067 0.356930 0.019167 0.015334
0 0.440838 0.649544 0.023852 0.023852
0 0.445736 0.621007 0.012352 0.009370
0 0.300281 0.603757 0.028111 0.022574
0 0.207002 0.660405 0.028963 0.027685
0 0.306031 0.702573 0.032797 0.027685
0 0.167604 0.647628 0.036204 0.027685
0 0.300494 0.530710 0.007241 0.004259
0 0.302411 0.522617 0.006815 0.005111
0 0.304966 0.506432 0.007667 0.005963
0 0.306883 0.495570 0.007241 0.004685
0 0.312420 0.490459 0.007241 0.004685
0 0.224891 0.573090 0.023000 0.020019
0 0.176335 0.562441 0.015334 0.014056
0 0.284735 0.936196 0.019167 0.024704
0 0.263864 0.964094 0.018315 0.017463
0 0.142687 0.967076 0.015334 0.012352