0 0.498126 0.077093 0.052389 0.028111
0 0.498978 0.145242 0.032797 0.039186
0 0.445311 0.224678 0.021722 0.030241
0 0.477894 0.226595 0.020445 0.030667
0 0.506219 0.235114 0.020019 0.021297
0 0.618877 0.168882 0.031519 0.029389
0 0.580756 0.126501 0.026834 0.031519
0 0.623350 0.126927 0.020019 0.019593
0 0.423801 0.084121 0.036630 0.026834
0 0.378439 0.096047 0.032797 0.024278
0 0.391856 0.126927 0.033223 0.026408
0 0.333504 0.108612 0.036630 0.027260
1 0.655720 0.073260 0.002982 0.005963
0 0.317957 0.235114 0.018315 0.022148
0 0.325624 0.216799 0.011500 0.010222
0 0.299216 0.201465 0.011500 0.016185
0 0.295596 0.223827 0.017037 0.016611
0 0.286651 0.250873 0.026408 0.026408
0 0.002343 0.383338 0.004685 0.006815
0 0.010648 0.381421 0.003407 0.003833
0 0.020445 0.383976 0.005963 0.003833
0 0.038121 0.378226 0.007241 0.005111
0 0.048982 0.369069 0.012778 0.007241
0 0.056436 0.376097 0.005537 0.007667
0 0.066019 0.373967 0.005111 0.004259
0 0.077093 0.373754 0.006815 0.006389
0 0.084547 0.373754 0.006389 0.007241
0 0.092853 0.372689 0.006815 0.005963
0 0.101584 0.366939 0.007241 0.005537
0 0.109464 0.361615 0.003407 0.007667
0 0.117557 0.356717 0.004259 0.005537
0 0.125224 0.353097 0.006815 0.005111
0 0.151205 0.340957 0.005963 0.003833
0 0.166965 0.332865 0.006815 0.004685
0 0.175058 0.328818 0.004259 0.005111
0 0.193585 0.320726 0.006389 0.004259
0 0.128631 0.285587 0.041741 0.028537
0 0.150354 0.254707 0.036630 0.034074
0 0.057927 0.277707 0.039186 0.038334
0 0.025556 0.319661 0.028963 0.026834
0 0.180595 0.175483 0.028963 0.030667
0 0.206363 0.118622 0.020019 0.031093
0 0.264929 0.110955 0.038334 0.031945
0 0.165048 0.057288 0.035352 0.021722
0 0.102862 0.184854 0.038760 0.038334
0 0.053667 0.009370 0.028963 0.018740
0 0.262373 0.005324 0.028963 0.009796
0 0.274725 0.871241 0.026408 0.028537
0 0.110316 0.933214 0.027260 0.024704
0 0.087955 0.930446 0.009796 0.008945
0 0.114362 0.961964 0.019167 0.020871
0 0.044510 0.882741 0.006389 0.006389
0 0.037056 0.883380 0.005963 0.005111
0 0.008093 0.878482 0.016185 0.017463
0 0.268762 0.825880 0.028111 0.018741
0 0.239160 0.862084 0.022574 0.020445
0 0.297726 0.953659 0.027260 0.049408
0 0.186771 0.888278 0.033649 0.034500
0 0.239373 0.660618 0.021297 0.025556
0 0.306244 0.688730 0.011926 0.006815
0 0.277707 0.691498 0.012778 0.014056
0 0.760499 0.148863 0.032797 0.037056
0 0.826305 0.097112 0.042593 0.039186
0 0.920436 0.032584 0.035778 0.025982
0 0.987052 0.024491 0.025896 0.041315
0 0.987904 0.123094 0.024192 0.036630
0 0.914686 0.126288 0.031093 0.021722
0 0.821620 0.407190 0.022148 0.021297
1 0.921075 0.410384 0.003833 0.004685
0 0.937899 0.645924 0.026408 0.030241
0 0.930020 0.678933 0.018315 0.023852
0 0.944075 0.607590 0.016611 0.013204
0 0.882315 0.593108 0.021722 0.017463
0 0.829926 0.819065 0.012352 0.014482
0 0.855695 0.825454 0.016185 0.012778
0 0.798833 0.817574 0.025130 0.030241
0 0.761351 0.816509 0.043019 0.036630
0 0.813528 0.749638 0.040889 0.028111
0 0.789250 0.900630 0.030667 0.042167
0 0.821194 0.898075 0.028963 0.049834
0 0.883593 0.915751 0.053241 0.061334
0 0.761990 0.874223 0.018741 0.015759
0 0.752832 0.941307 0.027685 0.028111
0 0.710239 0.952168 0.031945 0.025130
0 0.707045 0.904464 0.093705 0.055797
0 0.964946 0.513672 0.031093 0.028111
0 0.977511 0.478320 0.025556 0.023000
0 0.987478 0.441690 0.025044 0.034926
0 0.409745 0.779666 0.023852 0.023426
0 0.460431 0.724082 0.008519 0.005963
0 0.478959 0.728980 0.009796 0.007241
0 0.528154 0.752194 0.025556 0.032371
0 0.578201 0.760286 0.010648 0.015334
0 0.552858 0.745379 0.012778 0.005111
0 0.566914 0.950890 0.065593 0.080501
0 0.598007 0.882741 0.013630 0.011500
0 0.577349 0.868686 0.028537 0.020019
0 0.471292 0.961964 0.018315 0.017463
0 0.491311 0.975594 0.008093 0.007241
0 0.501959 0.977937 0.010648 0.009370
0 0.336272 0.976659 0.008093 0.011926
0 0.349476 0.958770 0.020871 0.024704
0 0.354161 0.564997 0.009796 0.012352
0 0.349263 0.588636 0.013630 0.007667
0 0.370986 0.579479 0.013630 0.009796
0 0.367791 0.595664 0.015759 0.012352
0 0.363745 0.620581 0.010222 0.010222
0 0.380995 0.626544 0.015759 0.009370
0 0.456598 0.591618 0.011926 0.011074
0 0.469802 0.586932 0.015334 0.014482
0 0.445949 0.543488 0.012778 0.009370
0 0.453403 0.532626 0.011500 0.011500
0 0.441690 0.531136 0.015334 0.011926
0 0.339467 0.626970 0.010222 0.009370
0 0.345217 0.602479 0.011500 0.008093
0 0.448292 0.728341 0.008945 0.007667
0 0.410597 0.723869 0.013630 0.009796
0 0.337550 0.696610 0.010648 0.005537
0 0.353522 0.699804 0.009370 0.004259
0 0.369495 0.702360 0.008945 0.005111
0 0.384189 0.706406 0.010222 0.007241
0 0.400162 0.710026 0.011500 0.006815
0 0.538163 0.672545 0.011500 0.012778
0 0.560525 0.652313 0.011926 0.008945
0 0.572664 0.600562 0.009796 0.008519
0 0.550302 0.606738 0.011926 0.008093